time (ns)	SYNTHETIC_replica_1	SYNTHETIC_replica_2	SYNTHETIC_replica_3
0	-173.40087	-175.29131	174.23543
0.02	-174.80619	-175.89752	175.5601
0.04	-172.04862	-172.81406	175.17599
0.06	-174.05693	-174.94148	175.43346
0.08	-175.0989	-172.21601	170.12542
0.1	-173.01878	-174.81297	172.21272
0.12	-171.02761	-176.70318	170.29378
0.14	-174.1678	-172.11238	173.75585
0.16	-175.92002	179.27338	170.85978
0.18	-174.316	-176.99526	169.29266
0.2	-175.10242	179.06102	169.59656
0.22	-173.15863	-179.23155	169.19933
0.24	-175.4349	176.02366	164.57095
0.26	-176.89315	-179.0131	165.13116
0.28	-173.04546	176.91656	167.17104
0.3	-173.09138	175.79303	164.36116
0.32	-174.51581	175.88754	161.47837
0.34	-174.70778	177.13283	162.82339
0.36	-176.76198	174.4023	161.93537
0.38	-175.83081	175.13671	166.99793
0.4	-175.77743	176.21249	166.89625
0.42	-178.06548	174.0178	164.6574
0.44	-177.21306	169.34638	164.42187
0.46	-179.37763	169.37066	161.67755
0.48	-179.70268	171.69031	163.67568
0.5	-176.93884	169.65906	162.58176
0.52	179.85819	173.07716	161.38775
0.54	-178.51976	169.47175	162.21952
0.56	177.51634	169.65238	163.01034
0.58	175.81787	167.86724	165.28999
0.6	175.35854	162.92556	161.7894
0.62	-177.6163	166.85246	160.58117
0.64	173.40625	163.68709	164.34565
0.66	172.9968	162.48698	162.36069
0.68	173.32973	166.48541	162.77589
0.7	176.57059	163.43211	164.50206
0.72	171.35235	162.45618	166.41167
0.74	173.28252	163.00175	165.23244
0.76	172.57897	162.05344	166.14256
0.78	169.81306	162.29415	168.0231
0.8	170.35018	163.47296	165.15397
0.82	167.2767	164.38534	169.61522
0.84	169.91269	165.33887	168.91829
0.86	168.41785	166.28472	169.92596
0.88	168.55491	164.64958	169.52242
0.9	167.57397	165.10532	174.38518
0.92	167.78199	167.09607	169.52592
0.94	164.94378	163.7337	170.05103
0.96	163.28816	163.03639	172.69715
0.98	166.16296	164.92336	171.94277
1	164.38644	163.71794	173.04178
1.02	162.69439	166.68499	169.59052
1.04	169.5472	165.74967	172.49242
1.06	163.00086	168.25317	174.91336
1.08	166.33345	161.64572	175.53726
1.1	163.6684	167.50465	174.96043
1.12	162.04188	170.5923	175.66755
1.14	163.14631	167.86243	178.42198
1.16	162.69207	171.8732	-176.58137
1.18	165.503	166.88009	179.07364
1.2	159.03355	172.01054	-179.0556
1.22	161.10106	170.10957	-179.51836
1.24	163.05753	173.10971	-179.37993
1.26	163.35298	172.03976	-175.0761
1.28	165.46215	171.49146	-178.95087
1.3	160.45004	170.77533	-177.5776
1.32	164.71384	179.30102	-173.74804
1.34	163.98055	174.41146	-171.75911
1.36	168.98793	173.11131	-173.04035
1.38	165.30348	177.63147	-173.90648
1.4	164.55462	177.36278	-171.7698
1.42	165.87486	179.0365	-171.2953
1.44	168.60189	176.20159	-174.31072
1.46	168.44134	178.66937	-173.6105
1.48	167.46319	179.35839	-174.77438
1.5	166.17205	177.54157	-171.11435
1.52	168.1428	-177.98913	-172.94822
1.54	168.58066	-177.44687	-171.65824
1.56	171.79019	-175.52227	-172.72662
1.58	168.69373	-175.61657	-172.99706
1.6	174.87211	-175.49734	-173.26679
1.62	176.45031	-178.0145	-172.04839
1.64	174.64725	-174.32937	-171.67507
1.66	173.78036	-174.5207	-173.28459
1.68	172.94342	-175.14272	-176.50295
1.7	176.84389	-173.60915	-172.43064
1.72	178.29052	-172.70397	-175.2045
1.74	178.16232	-172.55311	-178.18522
1.76	178.54303	-173.84753	-172.62705
1.78	178.09651	-170.80653	-174.09978
1.8	178.77813	-174.02296	-175.51317
1.82	-177.90879	-172.43254	-177.61657
1.84	-179.82953	-174.03807	-176.61052
1.86	-178.87194	-170.01015	178.96982
1.88	179.97006	-174.23216	177.32371
1.9	-177.06788	-172.46393	179.71104
1.92	-177.059	-173.26014	175.27923
1.94	-172.32237	-173.87085	177.35185
1.96	-176.62411	-173.58779	177.18717
1.98	-176.7862	-172.63594	177.8352
2	-173.98629	-175.81941	172.28381
2.02	-173.56515	-173.29151	177.21264
2.04	-171.80838	-174.03756	173.55797
2.06	-173.84397	-170.90921	177.40103
2.08	-171.38608	-175.14607	174.20033
2.1	-175.62892	-176.22148	168.033
2.12	-171.41802	-177.77639	169.1152
2.14	-173.83657	-177.50582	169.70799
2.16	-171.13605	-175.67724	168.30493
2.18	-171.24407	-178.13779	169.93847
2.2	-174.28359	-176.69033	170.33997
2.22	-169.09601	-176.70293	169.84885
2.24	-172.05448	177.95728	165.66245
2.26	-172.80239	177.32214	166.26178
2.28	-175.13477	174.83979	165.11419
2.3	-174.5004	177.93251	166.6394
2.32	-176.22071	176.0678	166.75862
2.34	-175.28938	174.03175	168.35214
2.36	-171.77795	175.8465	162.43749
2.38	-173.78585	174.84559	164.42907
2.4	-173.75398	174.93845	163.99662
2.42	-175.94941	172.49706	164.15962
2.44	-175.78488	173.98976	163.3795
2.46	-177.1311	171.60712	164.39602
2.48	-177.99367	170.3789	162.03264
2.5	-178.24323	171.38211	164.51562
2.52	-178.45431	172.20963	161.17005
2.54	-179.37155	168.827	163.511
2.56	178.90919	169.26541	160.61061
2.58	179.33353	170.86572	162.80193
2.6	176.86008	164.74767	161.37598
2.62	177.43989	166.15158	159.63634
2.64	173.73956	164.73919	162.47381
2.66	174.4919	166.52923	166.87352
2.68	176.27341	165.41625	162.87789
2.7	173.7897	164.3733	163.83819
2.72	176.92514	162.93987	163.19263
2.74	170.30163	166.27608	162.06542
2.76	171.74942	160.62385	165.81004
2.78	168.79563	164.48202	164.14107
2.8	173.43753	162.63532	166.60502
2.82	168.37095	166.24939	168.85005
2.84	167.29426	165.84624	163.96485
2.86	168.83134	161.11531	168.73563
2.88	168.17903	161.15087	167.0001
2.9	170.73105	163.7611	167.88842
2.92	169.07871	166.80312	171.33037
2.94	167.76419	159.9341	167.13266
2.96	166.08063	162.96265	173.10252
2.98	166.5322	163.0071	173.36284
3	162.54186	166.90469	175.69988
3.02	164.46839	167.30365	175.57391
3.04	165.11535	163.67458	174.49933
3.06	161.06751	169.44131	175.49107
3.08	161.65038	165.05774	177.222
3.1	163.00552	165.00939	178.14902
3.12	163.89614	163.71403	176.98889
3.14	168.74556	168.28272	177.03104
3.16	160.98721	167.67137	178.49112
3.18	161.43057	165.73147	-179.81487
3.2	161.28688	169.86862	178.07469
3.22	163.88304	169.29145	-179.51638
3.24	161.60341	169.70991	-179.57777
3.26	166.33948	169.2115	-175.98656
3.28	161.01908	169.07737	-175.70982
3.3	162.23597	175.2001	-175.31504
3.32	162.8302	174.51219	-173.71383
3.34	164.4396	178.91475	-171.8105
3.36	165.51516	172.82461	-177.79451
3.38	166.81178	-179.60028	-174.81402
3.4	164.21997	176.7778	-175.61174
3.42	168.43921	178.852	-177.57098
3.44	169.4007	178.95901	-174.15906
3.46	167.89208	175.705	-173.65017
3.48	167.09094	178.31717	-171.83006
3.5	167.73811	-178.75691	-172.25402
3.52	168.44004	-179.20836	-174.11437
3.54	172.48895	179.11726	-173.68177
3.56	167.21511	-178.70611	-171.44973
3.58	173.78987	-179.73853	-171.5526
3.6	174.44076	-177.41202	-173.67504
3.62	172.74099	-173.42938	-174.23649
3.64	172.12882	-175.62388	-174.95279
3.66	174.24637	-174.62863	-172.5771
3.68	177.9296	-173.82786	-172.6975
3.7	174.57175	-174.89278	-174.80441
3.72	175.58402	-175.78319	-175.56553
3.74	173.60326	-171.6213	-171.01978
3.76	178.60731	-171.60301	-174.36197
3.78	174.87215	-173.57843	-175.96269
3.8	177.96035	-172.75536	-178.64911
3.82	175.69853	-170.88815	-177.80834
3.84	178.28326	-174.04994	-176.06871
3.86	179.06991	-175.88979	-177.76548
3.88	-175.56911	-173.80199	179.38913
3.9	-178.61174	-174.80144	179.7679
3.92	-177.7111	-169.77907	-178.98707
3.94	-175.46214	-175.46753	176.72804
3.96	-179.70682	-176.74439	175.45187
3.98	-173.58199	-171.83714	-179.73577
4	-177.55374	-175.20776	177.54492
4.02	-175.41023	-175.24515	173.86579
4.04	-174.4913	-172.03183	177.8211
4.06	-175.55985	-172.81654	175.55706
4.08	-169.69563	-172.12928	171.2882
4.1	-172.32936	-174.44032	174.74541
4.12	-173.72595	-177.36973	171.66007
4.14	-174.49452	-176.23089	169.97827
4.16	-172.25907	-175.06223	171.26212
4.18	-172.01559	-176.38436	175.12193
4.2	-173.33545	-178.86774	169.01782
4.22	-169.02371	179.33131	166.04261
4.24	-172.02197	-178.08933	168.1906
4.26	-172.95854	-175.80013	168.68476
4.28	-175.23225	177.97168	170.05107
4.3	-172.06283	177.13678	167.08093
4.32	-172.29262	174.46872	163.46777
4.34	-177.42928	174.67335	162.54464
4.36	-171.90832	174.61186	168.01543
4.38	-174.17415	173.79011	161.53907
4.4	-175.13809	171.42161	161.43298
4.42	-176.74482	170.98773	167.47774
4.44	-175.16393	173.33862	166.9289
4.46	-176.2067	174.39288	165.87861
4.48	-177.61074	173.29792	168.76276
4.5	-179.92046	169.9032	161.84886
4.52	-177.72936	168.59133	162.61359
4.54	-179.00971	170.39089	162.50642
4.56	179.1543	164.39434	166.61744
4.58	176.31695	164.69075	164.67752
4.6	-177.06256	167.20283	162.46146
4.62	178.44144	165.18185	160.50142
4.64	178.37242	165.75924	164.96573
4.66	176.39976	164.5899	166.4533
4.68	173.03659	163.90292	163.7473
4.7	175.77082	163.78931	168.11778
4.72	173.16248	165.04954	163.52442
4.74	176.16635	165.63435	161.90657
4.76	169.75694	164.39039	162.09184
4.78	171.41257	164.49927	166.77229
4.8	167.61616		161.61921
4.82	171.76882		166.14809
4.84	167.30623		167.37623
4.86	167.49501		169.51131
4.88	166.0443		171.65574
4.9	166.0133		165.90369
4.92	164.19421		168.6202
4.94	164.19278		167.74372
4.96	165.26888		170.30447
4.98	164.44941		168.09249
5	169.19882		171.60201
5.02	163.36471		172.22568
5.04	164.85952		175.58999
5.06	166.16568		175.45464
5.08	165.80079		175.69985
5.1	165.55545		173.35704
5.12	165.84604		177.37408
5.14	162.76304		178.76288
5.16	157.53371		177.92319
5.18	160.74964		176.82831
5.2	163.80052		-179.17316
5.22	160.82704		178.44183
5.24	166.35307		-178.7482
5.26	162.95524		-176.26064
5.28	163.1137		-175.8974
5.3	162.81202		-176.50082
5.32	166.09796		-175.56314
5.34	164.90121		-176.07119
5.36	161.97604		-172.02368
5.38	165.88081		-175.51761
5.4	165.02998		-175.42721
5.42	164.6436		-173.5983
5.44	168.58176		-173.08464
5.46	170.08075		-172.79536
5.48	164.58674		-172.81139
5.5	170.72287		-171.75682
5.52	173.6943		-170.76806
5.54	171.61486		-169.64697
5.56	168.46298		-172.56857
5.58	171.29885		-175.14351
5.6	171.75677		-172.9901
5.62	173.87117		-172.08847
5.64	172.69126		-177.70035
5.66	173.78695		-177.1109
5.68	176.3203		-171.93078
5.7	175.63392		-177.20291
5.72	175.7399		-175.30139
5.74	174.93747		-171.83586
5.76	176.84561		-172.64417
5.78	-178.20167		-176.51631
5.8	179.50035		-175.62222
5.82	-176.03988		-174.95495
5.84	-179.74008		-178.11208
5.86	-177.39576		179.10498
5.88	-178.87818		179.47667
5.9	-171.35779		177.96335
5.92	-175.89356		177.88108
5.94	-177.69775		175.48079
5.96	-177.37915		177.78026
5.98	-176.53752		176.37358
6			174.90627
6.02			177.97646
6.04			172.96535
6.06			174.15103
6.08			170.0263
6.1			175.09118
6.12			172.85053
6.14			170.78322
6.16			172.26141
6.18			172.14467
6.2			170.63785
6.22			169.0243
6.24			168.79826
6.26			167.14259
6.28			167.73254
6.3			164.46769
6.32			168.84406
6.34			168.81457
6.36			162.94176
6.38			163.83411
6.4			164.67035
6.42			161.19727
6.44			160.47635
6.46			165.9141
6.48			165.86613
6.5			164.35116
6.52			162.55772
6.54			163.67045
6.56			163.87719
6.58			165.00952
6.6			158.42319
6.62			163.36612
6.64			163.44882
6.66			163.29752
6.68			166.07618
6.7			162.35603
6.72			163.94667
6.74			162.55307
6.76			166.78867
6.78			169.35377
6.8			167.29311
6.82			168.35697
6.84			167.60179
6.86			165.87282
6.88			169.67178
6.9			169.85727
6.92			167.03725
6.94			171.30299
6.96			175.01403
6.98			170.79693
7			172.28619
7.02			173.68531
7.04			172.21261
7.06			174.93085
7.08			175.54716
7.1			178.08548
7.12			171.34045
7.14			176.85517
7.16			175.41643
7.18			178.01161
