residue	equal_replica_mean	between_replica_sd	n_replicas
1	0.4173644533	0.04427156333	3
2	0.3922770933	0.02989045609	3
3	0.3592095567	0.009274901175	3
4	0.39088297	0.02758182905	3
5	0.4242938033	0.02066451447	3
6	0.42371979	0.007725576982	3
7	0.47291039	0.03621450809	3
8	0.5847907	0.01327521387	3
9	0.7111196567	0.00654868372	3
10	0.8766635833	0.003843110553	3
11	1.150354367	0.04024766487	3
12	1.246164833	0.01148136054	3
13	1.1393782	0.02479909424	3
14	0.9592382833	0.01299546815	3
15	0.70714766	0.01966552612	3
16	0.5559438033	0.02585666096	3
17	0.4482189433	0.01814619543	3
18	0.3958960267	0.01711415231	3
19	0.4035474733	0.01210862806	3
20	0.4040353933	0.03062708841	3
21	0.4302408667	0.04163679634	3
22	0.4203528133	0.04082938459	3
23	0.42162926	0.03231997163	3
24	0.4138503433	0.008759527841	3
