residue	SYNTHETIC_replica_1	SYNTHETIC_replica_2	SYNTHETIC_replica_3
1	0.40230545	0.46720106	0.38258685
2	0.41392207	0.4047368	0.35817241
3	0.35667504	0.35146538	0.36948825
4	0.39222941	0.36265258	0.41776692
5	0.42632335	0.4026894	0.44386866
6	0.4323606	0.41747927	0.4213195
7	0.43622257	0.50863226	0.47387634
8	0.57691729	0.60011768	0.57733713
9	0.7171473	0.70415161	0.71206006
10	0.88074646	0.87311646	0.87612783
11	1.1850609	1.1062342	1.159768
12	1.2329322	1.2520778	1.2534845
13	1.1294454	1.167604	1.1210852
14	0.97203791	0.94605545	0.95962149
15	0.71442887	0.72213421	0.6848799
16	0.58190038	0.5557428	0.53018823
17	0.45388598	0.42791551	0.46285534
18	0.41396467	0.37993081	0.3937926
19	0.39071346	0.4051598	0.41476916
20	0.3824026	0.39062298	0.4390806
21	0.38253343	0.44893482	0.45925435
22	0.38439594	0.41192356	0.46473894
23	0.41913377	0.39062937	0.45512464
24	0.4239643	0.40889455	0.40869218
