x	y	equal_replica_mean	between_replica_sd	n_replicas
1	1	1	0	3
2	1	0.8739861367	0.006056854492	3
3	1	0.8046030567	0.009213749634	3
4	1	0.67702593	0.02211434053	3
5	1	0.5189482567	0.02952598629	3
6	1	0.28785506	0.0485418364	3
7	1	0.08536048267	0.05239955181	3
8	1	-0.1443128827	0.08510560477	3
9	1	-0.3531566233	0.05339736674	3
10	1	-0.5420530167	0.05905404066	3
11	1	-0.7031380167	0.04258690274	3
12	1	-0.8223107933	0.0217593266	3
13	1	-0.8883990433	0.01701118737	3
14	1	-0.8983426533	0.008406617608	3
15	1	-0.8517253933	0.004387477819	3
16	1	-0.7523238333	0.004977139828	3
17	1	-0.5979167933	0.01810857473	3
18	1	-0.4225415467	0.04271414091	3
19	1	-0.2030873633	0.03651167896	3
20	1	0.01624114	0.04979890403	3
21	1	0.24156841	0.02864684024	3
22	1	0.43654221	0.04674950011	3
23	1	0.6291415533	0.04074296169	3
24	1	0.7743657133	0.008581703603	3
1	2	0.8739861367	0.006056854492	3
2	2	1	0	3
3	2	0.8801908667	0.01648956255	3
4	2	0.7930595033	0.03662143729	3
5	2	0.6816390767	0.04775811691	3
6	2	0.4836476667	0.06370332614	3
7	2	0.29447231	0.0639406619	3
8	2	0.065318792	0.1180596639	3
9	2	-0.1523486993	0.07666704345	3
10	2	-0.35885759	0.06978692466	3
11	2	-0.5474049267	0.05997653122	3
12	2	-0.7111414567	0.02313675335	3
13	2	-0.82806731	0.00916330271	3
14	2	-0.8865693	0.004620872753	3
15	2	-0.8909643	0.0121856132	3
16	2	-0.83962225	0.009386692865	3
17	2	-0.7361501067	0.01998239248	3
18	2	-0.5920225567	0.05090356481	3
19	2	-0.4015229333	0.05740426898	3
20	2	-0.18994708	0.06948449179	3
21	2	0.03368272637	0.03522240679	3
22	2	0.2455536067	0.06791453664	3
23	2	0.4538038833	0.06370629507	3
24	2	0.62542427	0.02089339003	3
1	3	0.8046030567	0.009213749634	3
2	3	0.8801908667	0.01648956255	3
3	3	1	0	3
4	3	0.8714753767	0.01743685008	3
5	3	0.78999554	0.01947743749	3
6	3	0.63611256	0.0262006902	3
7	3	0.4766871233	0.04852552158	3
8	3	0.26397434	0.07615732094	3
9	3	0.0502509979	0.06168331195	3
10	3	-0.17473944	0.05009131308	3
11	3	-0.3840823633	0.04525637514	3
12	3	-0.5886258067	0.01745469352	3
13	3	-0.7364451767	0.0142109635	3
14	3	-0.8434723933	0.01476601559	3
15	3	-0.9005638667	0.005604011469	3
16	3	-0.8935313533	0.005850830826	3
17	3	-0.8316859767	0.001903059032	3
18	3	-0.73543307	0.02727497754	3
19	3	-0.5698414433	0.0265676942	3
20	3	-0.3833208267	0.04834487852	3
21	3	-0.1773083467	0.01587148849	3
22	3	0.04452190717	0.04646964041	3
23	3	0.28016746	0.03692754939	3
24	3	0.4756100767	0.01490828864	3
1	4	0.67702593	0.02211434053	3
2	4	0.7930595033	0.03662143729	3
3	4	0.8714753767	0.01743685008	3
4	4	1	0	3
5	4	0.8704104767	0.0219683179	3
6	4	0.77913548	0.01512635766	3
7	4	0.65114058	0.02576059917	3
8	4	0.47887022	0.05145668579	3
9	4	0.27853399	0.0343565986	3
10	4	0.06217572167	0.03548322615	3
11	4	-0.1658119367	0.02314341029	3
12	4	-0.3914039833	0.04116075391	3
13	4	-0.5785520333	0.02400696739	3
14	4	-0.7219640367	0.005469337647	3
15	4	-0.8252464167	0.01686125974	3
16	4	-0.88670694	0.00922378763	3
17	4	-0.88784291	0.006108289117	3
18	4	-0.8349382	0.01219197344	3
19	4	-0.7288464967	0.01344039283	3
20	4	-0.5800144567	0.02671432805	3
21	4	-0.3905765767	0.0294881907	3
22	4	-0.18439103	0.02728256365	3
23	4	0.03680890133	0.02124961314	3
24	4	0.26764279	0.04355129073	3
1	5	0.5189482567	0.02952598629	3
2	5	0.6816390767	0.04775811691	3
3	5	0.78999554	0.01947743749	3
4	5	0.8704104767	0.0219683179	3
5	5	1	0	3
6	5	0.8536855133	0.004227634412	3
7	5	0.7727096433	0.01523262992	3
8	5	0.6420642733	0.04334523853	3
9	5	0.4630981933	0.01256019588	3
10	5	0.26632577	0.04082443192	3
11	5	0.04376073133	0.02690714663	3
12	5	-0.1945068067	0.05561051451	3
13	5	-0.4032725133	0.03155319255	3
14	5	-0.58664151	0.0123701135	3
15	5	-0.7246161733	0.009239322822	3
16	5	-0.83421686	0.01064727487	3
17	5	-0.8817133	0.01518646341	3
18	5	-0.88600637	0.005007458487	3
19	5	-0.8275453967	0.01049299802	3
20	5	-0.7192950333	0.00400807469	3
21	5	-0.5679014033	0.02455809355	3
22	5	-0.3836344667	0.02066198346	3
23	5	-0.1626783833	0.009924814565	3
24	5	0.0576819668	0.05950115748	3
1	6	0.28785506	0.0485418364	3
2	6	0.4836476667	0.06370332614	3
3	6	0.63611256	0.0262006902	3
4	6	0.77913548	0.01512635766	3
5	6	0.8536855133	0.004227634412	3
6	6	1	0	3
7	6	0.8629546033	0.004952156125	3
8	6	0.7811865267	0.01205768911	3
9	6	0.6514683533	0.003693191386	3
10	6	0.4849971333	0.04688957425	3
11	6	0.28211837	0.03280451058	3
12	6	0.0585910923	0.06487651075	3
13	6	-0.1623655333	0.04569536285	3
14	6	-0.3734085033	0.02879147038	3
15	6	-0.54815548	0.02340709303	3
16	6	-0.7054129233	0.0286908682	3
17	6	-0.8214785533	0.01927094604	3
18	6	-0.8719579667	0.01536187487	3
19	6	-0.88637922	0.006450102307	3
20	6	-0.8323358067	0.01051885392	3
21	6	-0.73258257	0.03189851363	3
22	6	-0.5823564267	0.009911059691	3
23	6	-0.3991280467	0.01129774991	3
24	6	-0.1887456033	0.07125120208	3
1	7	0.08536048267	0.05239955181	3
2	7	0.29447231	0.0639406619	3
3	7	0.4766871233	0.04852552158	3
4	7	0.65114058	0.02576059917	3
5	7	0.7727096433	0.01523262992	3
6	7	0.8629546033	0.004952156125	3
7	7	1	0	3
8	7	0.8722850667	0.009827477841	3
9	7	0.78255282	0.01117902324	3
10	7	0.6538720133	0.03038437524	3
11	7	0.4811024967	0.01671375721	3
12	7	0.26914887	0.06849668654	3
13	7	0.05147852833	0.06831945694	3
14	7	-0.16978543	0.03179181623	3
15	7	-0.3705970733	0.04342807598	3
16	7	-0.5507614667	0.0246303351	3
17	7	-0.71965901	0.0260057819	3
18	7	-0.8186103433	0.01058419388	3
19	7	-0.8839213467	0.0009184729519	3
20	7	-0.88386731	0.0144466952	3
21	7	-0.83254142	0.03005391233	3
22	7	-0.7323624133	0.01481600736	3
23	7	-0.5791686567	0.03167663127	3
24	7	-0.3865393633	0.07371165173	3
1	8	-0.1443128827	0.08510560477	3
2	8	0.065318792	0.1180596639	3
3	8	0.26397434	0.07615732094	3
4	8	0.47887022	0.05145668579	3
5	8	0.6420642733	0.04334523853	3
6	8	0.7811865267	0.01205768911	3
7	8	0.8722850667	0.009827477841	3
8	8	1	0	3
9	8	0.87118002	0.01650911142	3
10	8	0.7918295967	0.04346328474	3
11	8	0.65242267	0.0342969161	3
12	8	0.4748662567	0.1001199229	3
13	8	0.27410394	0.09870734759	3
14	8	0.05486461433	0.06501642029	3
15	8	-0.1478974893	0.07082184937	3
16	8	-0.363226	0.06211863931	3
17	8	-0.5690898233	0.06468152804	3
18	8	-0.70673129	0.01641200831	3
19	8	-0.82748284	0.01667853857	3
20	8	-0.88630264	0.01816402997	3
21	8	-0.8927027033	0.01423609912	3
22	8	-0.83385121	0.02928979202	3
23	8	-0.73463814	0.04383920765	3
24	8	-0.58092859	0.08509762829	3
1	9	-0.3531566233	0.05339736674	3
2	9	-0.1523486993	0.07666704345	3
3	9	0.0502509979	0.06168331195	3
4	9	0.27853399	0.0343565986	3
5	9	0.4630981933	0.01256019588	3
6	9	0.6514683533	0.003693191386	3
7	9	0.78255282	0.01117902324	3
8	9	0.87118002	0.01650911142	3
9	9	1	0	3
10	9	0.8530347167	0.02904173013	3
11	9	0.77196522	0.01384123114	3
12	9	0.6383585267	0.05781613233	3
13	9	0.4671448767	0.05029967015	3
14	9	0.27072028	0.03147786665	3
15	9	0.06605949233	0.0391504531	3
16	9	-0.1524335467	0.05164426273	3
17	9	-0.3770256767	0.05426952751	3
18	9	-0.548465	0.02010218962	3
19	9	-0.71681136	0.02412450764	3
20	9	-0.8214139833	0.009339772897	3
21	9	-0.87674992	0.01475707682	3
22	9	-0.8926008633	0.009123417412	3
23	9	-0.83203142	0.01821833106	3
24	9	-0.72471322	0.0512481848	3
1	10	-0.5420530167	0.05905404066	3
2	10	-0.35885759	0.06978692466	3
3	10	-0.17473944	0.05009131308	3
4	10	0.06217572167	0.03548322615	3
5	10	0.26632577	0.04082443192	3
6	10	0.4849971333	0.04688957425	3
7	10	0.6538720133	0.03038437524	3
8	10	0.7918295967	0.04346328474	3
9	10	0.8530347167	0.02904173013	3
10	10	1	0	3
11	10	0.8631632	0.01462340653	3
12	10	0.7691209467	0.04187166675	3
13	10	0.64410902	0.04691767713	3
14	10	0.47407593	0.01837981695	3
15	10	0.2890818067	0.0499573056	3
16	10	0.06698972567	0.03944740031	3
17	10	-0.1653715167	0.02163218249	3
18	10	-0.3602705167	0.03485196268	3
19	10	-0.5587512033	0.02176527224	3
20	10	-0.7163578733	0.0427755813	3
21	10	-0.8233720767	0.01905747048	3
22	10	-0.8834843667	0.01700966169	3
23	10	-0.8912521267	0.02068581793	3
24	10	-0.83222859	0.03853970108	3
1	11	-0.7031380167	0.04258690274	3
2	11	-0.5474049267	0.05997653122	3
3	11	-0.3840823633	0.04525637514	3
4	11	-0.1658119367	0.02314341029	3
5	11	0.04376073133	0.02690714663	3
6	11	0.28211837	0.03280451058	3
7	11	0.4811024967	0.01671375721	3
8	11	0.65242267	0.0342969161	3
9	11	0.77196522	0.01384123114	3
10	11	0.8631632	0.01462340653	3
11	11	1	0	3
12	11	0.8572353	0.02819729907	3
13	11	0.7721302667	0.03860069344	3
14	11	0.6467369667	0.01608846147	3
15	11	0.4881134733	0.04202167796	3
16	11	0.2901465567	0.02626051326	3
17	11	0.05594758433	0.02732595008	3
18	11	-0.14161588	0.01129264199	3
19	11	-0.3695087233	0.007608562019	3
20	11	-0.56555793	0.0283552032	3
21	11	-0.71148725	0.001480860708	3
22	11	-0.8142532567	0.01415300277	3
23	11	-0.8811505367	0.01670486462	3
24	11	-0.88840559	0.01350851142	3
1	12	-0.8223107933	0.0217593266	3
2	12	-0.7111414567	0.02313675335	3
3	12	-0.5886258067	0.01745469352	3
4	12	-0.3914039833	0.04116075391	3
5	12	-0.1945068067	0.05561051451	3
6	12	0.0585910923	0.06487651075	3
7	12	0.26914887	0.06849668654	3
8	12	0.4748662567	0.1001199229	3
9	12	0.6383585267	0.05781613233	3
10	12	0.7691209467	0.04187166675	3
11	12	0.8572353	0.02819729907	3
12	12	1	0	3
13	12	0.86738384	0.02790035	3
14	12	0.78590091	0.01244598295	3
15	12	0.6702750833	0.01787828869	3
16	12	0.4911010833	0.0128707539	3
17	12	0.29037001	0.02204375233	3
18	12	0.08629884033	0.05776311731	3
19	12	-0.1469951863	0.04864944815	3
20	12	-0.36149255	0.06348041608	3
21	12	-0.5497367167	0.03735696456	3
22	12	-0.7013139267	0.04675414284	3
23	12	-0.8238539133	0.04053865471	3
24	12	-0.88413425	0.01816239324	3
1	13	-0.8883990433	0.01701118737	3
2	13	-0.82806731	0.00916330271	3
3	13	-0.7364451767	0.0142109635	3
4	13	-0.5785520333	0.02400696739	3
5	13	-0.4032725133	0.03155319255	3
6	13	-0.1623655333	0.04569536285	3
7	13	0.05147852833	0.06831945694	3
8	13	0.27410394	0.09870734759	3
9	13	0.4671448767	0.05029967015	3
10	13	0.64410902	0.04691767713	3
11	13	0.7721302667	0.03860069344	3
12	13	0.86738384	0.02790035	3
13	13	1	0	3
14	13	0.8664031267	0.007513198709	3
15	13	0.7991018333	0.006366432373	3
16	13	0.67047129	0.02569111976	3
17	13	0.48792404	0.03500134474	3
18	13	0.3069494733	0.0526867786	3
19	13	0.08080844167	0.05516323359	3
20	13	-0.147481189	0.06018789226	3
21	13	-0.3602658167	0.03616258871	3
22	13	-0.54235082	0.05669108784	3
23	13	-0.71029586	0.05545387887	3
24	13	-0.8295698833	0.01188313738	3
1	14	-0.8983426533	0.008406617608	3
2	14	-0.8865693	0.004620872753	3
3	14	-0.8434723933	0.01476601559	3
4	14	-0.7219640367	0.005469337647	3
5	14	-0.58664151	0.0123701135	3
6	14	-0.3734085033	0.02879147038	3
7	14	-0.16978543	0.03179181623	3
8	14	0.05486461433	0.06501642029	3
9	14	0.27072028	0.03147786665	3
10	14	0.47407593	0.01837981695	3
11	14	0.6467369667	0.01608846147	3
12	14	0.78590091	0.01244598295	3
13	14	0.8664031267	0.007513198709	3
14	14	1	0	3
15	14	0.87918302	0.008759157998	3
16	14	0.7858256467	0.003443656607	3
17	14	0.6611202133	0.02243238388	3
18	14	0.4977964733	0.01981178263	3
19	14	0.2912430133	0.01045480313	3
20	14	0.06303400233	0.02657211228	3
21	14	-0.1530190033	0.0149653579	3
22	14	-0.3604220867	0.01921688836	3
23	14	-0.55766979	0.01861845121	3
24	14	-0.7112943667	0.02386132566	3
1	15	-0.8517253933	0.004387477819	3
2	15	-0.8909643	0.0121856132	3
3	15	-0.9005638667	0.005604011469	3
4	15	-0.8252464167	0.01686125974	3
5	15	-0.7246161733	0.009239322822	3
6	15	-0.54815548	0.02340709303	3
7	15	-0.3705970733	0.04342807598	3
8	15	-0.1478974893	0.07082184937	3
9	15	0.06605949233	0.0391504531	3
10	15	0.2890818067	0.0499573056	3
11	15	0.4881134733	0.04202167796	3
12	15	0.6702750833	0.01787828869	3
13	15	0.7991018333	0.006366432373	3
14	15	0.87918302	0.008759157998	3
15	15	1	0	3
16	15	0.8665978067	0.001248876942	3
17	15	0.7785114433	0.01031586139	3
18	15	0.66876611	0.02502233237	3
19	15	0.4707636167	0.02207721985	3
20	15	0.2713722933	0.04485541569	3
21	15	0.045778639	0.02466432576	3
22	15	-0.16298862	0.02843721838	3
23	15	-0.3889125433	0.02599000077	3
24	15	-0.5786478267	0.02874554418	3
1	16	-0.7523238333	0.004977139828	3
2	16	-0.83962225	0.009386692865	3
3	16	-0.8935313533	0.005850830826	3
4	16	-0.88670694	0.00922378763	3
5	16	-0.83421686	0.01064727487	3
6	16	-0.7054129233	0.0286908682	3
7	16	-0.5507614667	0.0246303351	3
8	16	-0.363226	0.06211863931	3
9	16	-0.1524335467	0.05164426273	3
10	16	0.06698972567	0.03944740031	3
11	16	0.2901465567	0.02626051326	3
12	16	0.4911010833	0.0128707539	3
13	16	0.67047129	0.02569111976	3
14	16	0.7858256467	0.003443656607	3
15	16	0.8665978067	0.001248876942	3
16	16	1	0	3
17	16	0.85962518	0.0135942814	3
18	16	0.78839225	0.02161259259	3
19	16	0.6453940633	0.01552499915	3
20	16	0.4771148467	0.02781766159	3
21	16	0.2685625233	0.006464684761	3
22	16	0.05489367767	0.03668168695	3
23	16	-0.17319819	0.04055855808	3
24	16	-0.3837284233	0.03403691235	3
1	17	-0.5979167933	0.01810857473	3
2	17	-0.7361501067	0.01998239248	3
3	17	-0.8316859767	0.001903059032	3
4	17	-0.88784291	0.006108289117	3
5	17	-0.8817133	0.01518646341	3
6	17	-0.8214785533	0.01927094604	3
7	17	-0.71965901	0.0260057819	3
8	17	-0.5690898233	0.06468152804	3
9	17	-0.3770256767	0.05426952751	3
10	17	-0.1653715167	0.02163218249	3
11	17	0.05594758433	0.02732595008	3
12	17	0.29037001	0.02204375233	3
13	17	0.48792404	0.03500134474	3
14	17	0.6611202133	0.02243238388	3
15	17	0.7785114433	0.01031586139	3
16	17	0.85962518	0.0135942814	3
17	17	1	0	3
18	17	0.8617632567	0.0172357626	3
19	17	0.78114035	0.0194320119	3
20	17	0.6488300867	0.02954222888	3
21	17	0.4785535233	0.01158385713	3
22	17	0.2843231567	0.02575985581	3
23	17	0.05388367901	0.04710204984	3
24	17	-0.1626873833	0.04034699288	3
1	18	-0.4225415467	0.04271414091	3
2	18	-0.5920225567	0.05090356481	3
3	18	-0.73543307	0.02727497754	3
4	18	-0.8349382	0.01219197344	3
5	18	-0.88600637	0.005007458487	3
6	18	-0.8719579667	0.01536187487	3
7	18	-0.8186103433	0.01058419388	3
8	18	-0.70673129	0.01641200831	3
9	18	-0.548465	0.02010218962	3
10	18	-0.3602705167	0.03485196268	3
11	18	-0.14161588	0.01129264199	3
12	18	0.08629884033	0.05776311731	3
13	18	0.3069494733	0.0526867786	3
14	18	0.4977964733	0.01981178263	3
15	18	0.66876611	0.02502233237	3
16	18	0.78839225	0.02161259259	3
17	18	0.8617632567	0.0172357626	3
18	18	1	0	3
19	18	0.8582482933	0.003299734689	3
20	18	0.7794345933	0.0227772206	3
21	18	0.64593435	0.03180735491	3
22	18	0.4672235	0.009441797109	3
23	18	0.2602622367	0.02223396097	3
24	18	0.03967578133	0.06913659341	3
1	19	-0.2030873633	0.03651167896	3
2	19	-0.4015229333	0.05740426898	3
3	19	-0.5698414433	0.0265676942	3
4	19	-0.7288464967	0.01344039283	3
5	19	-0.8275453967	0.01049299802	3
6	19	-0.88637922	0.006450102307	3
7	19	-0.8839213467	0.0009184729519	3
8	19	-0.82748284	0.01667853857	3
9	19	-0.71681136	0.02412450764	3
10	19	-0.5587512033	0.02176527224	3
11	19	-0.3695087233	0.007608562019	3
12	19	-0.1469951863	0.04864944815	3
13	19	0.08080844167	0.05516323359	3
14	19	0.2912430133	0.01045480313	3
15	19	0.4707636167	0.02207721985	3
16	19	0.6453940633	0.01552499915	3
17	19	0.78114035	0.0194320119	3
18	19	0.8582482933	0.003299734689	3
19	19	1	0	3
20	19	0.8637228133	0.01892501042	3
21	19	0.7871859567	0.01381834418	3
22	19	0.6538023567	0.002416577022	3
23	19	0.4768853133	0.01827435007	3
24	19	0.2709654233	0.05967850077	3
1	20	0.01624114	0.04979890403	3
2	20	-0.18994708	0.06948449179	3
3	20	-0.3833208267	0.04834487852	3
4	20	-0.5800144567	0.02671432805	3
5	20	-0.7192950333	0.00400807469	3
6	20	-0.8323358067	0.01051885392	3
7	20	-0.88386731	0.0144466952	3
8	20	-0.88630264	0.01816402997	3
9	20	-0.8214139833	0.009339772897	3
10	20	-0.7163578733	0.0427755813	3
11	20	-0.56555793	0.0283552032	3
12	20	-0.36149255	0.06348041608	3
13	20	-0.147481189	0.06018789226	3
14	20	0.06303400233	0.02657211228	3
15	20	0.2713722933	0.04485541569	3
16	20	0.4771148467	0.02781766159	3
17	20	0.6488300867	0.02954222888	3
18	20	0.7794345933	0.0227772206	3
19	20	0.8637228133	0.01892501042	3
20	20	1	0	3
21	20	0.8637674533	0.02374824237	3
22	20	0.7916080333	0.01916470214	3
23	20	0.6596751267	0.01576005736	3
24	20	0.4823363233	0.06726896926	3
1	21	0.24156841	0.02864684024	3
2	21	0.03368272637	0.03522240679	3
3	21	-0.1773083467	0.01587148849	3
4	21	-0.3905765767	0.0294881907	3
5	21	-0.5679014033	0.02455809355	3
6	21	-0.73258257	0.03189851363	3
7	21	-0.83254142	0.03005391233	3
8	21	-0.8927027033	0.01423609912	3
9	21	-0.87674992	0.01475707682	3
10	21	-0.8233720767	0.01905747048	3
11	21	-0.71148725	0.001480860708	3
12	21	-0.5497367167	0.03735696456	3
13	21	-0.3602658167	0.03616258871	3
14	21	-0.1530190033	0.0149653579	3
15	21	0.045778639	0.02466432576	3
16	21	0.2685625233	0.006464684761	3
17	21	0.4785535233	0.01158385713	3
18	21	0.64593435	0.03180735491	3
19	21	0.7871859567	0.01381834418	3
20	21	0.8637674533	0.02374824237	3
21	21	1	0	3
22	21	0.8564187733	0.01199939384	3
23	21	0.7848870333	0.01115622676	3
24	21	0.65593189	0.03735979108	3
1	22	0.43654221	0.04674950011	3
2	22	0.2455536067	0.06791453664	3
3	22	0.04452190717	0.04646964041	3
4	22	-0.18439103	0.02728256365	3
5	22	-0.3836344667	0.02066198346	3
6	22	-0.5823564267	0.009911059691	3
7	22	-0.7323624133	0.01481600736	3
8	22	-0.83385121	0.02928979202	3
9	22	-0.8926008633	0.009123417412	3
10	22	-0.8834843667	0.01700966169	3
11	22	-0.8142532567	0.01415300277	3
12	22	-0.7013139267	0.04675414284	3
13	22	-0.54235082	0.05669108784	3
14	22	-0.3604220867	0.01921688836	3
15	22	-0.16298862	0.02843721838	3
16	22	0.05489367767	0.03668168695	3
17	22	0.2843231567	0.02575985581	3
18	22	0.4672235	0.009441797109	3
19	22	0.6538023567	0.002416577022	3
20	22	0.7916080333	0.01916470214	3
21	22	0.8564187733	0.01199939384	3
22	22	1	0	3
23	22	0.8588427767	0.01870829483	3
24	22	0.77941426	0.04100054046	3
1	23	0.6291415533	0.04074296169	3
2	23	0.4538038833	0.06370629507	3
3	23	0.28016746	0.03692754939	3
4	23	0.03680890133	0.02124961314	3
5	23	-0.1626783833	0.009924814565	3
6	23	-0.3991280467	0.01129774991	3
7	23	-0.5791686567	0.03167663127	3
8	23	-0.73463814	0.04383920765	3
9	23	-0.83203142	0.01821833106	3
10	23	-0.8912521267	0.02068581793	3
11	23	-0.8811505367	0.01670486462	3
12	23	-0.8238539133	0.04053865471	3
13	23	-0.71029586	0.05545387887	3
14	23	-0.55766979	0.01861845121	3
15	23	-0.3889125433	0.02599000077	3
16	23	-0.17319819	0.04055855808	3
17	23	0.05388367901	0.04710204984	3
18	23	0.2602622367	0.02223396097	3
19	23	0.4768853133	0.01827435007	3
20	23	0.6596751267	0.01576005736	3
21	23	0.7848870333	0.01115622676	3
22	23	0.8588427767	0.01870829483	3
23	23	1	0	3
24	23	0.86744551	0.03668215682	3
1	24	0.7743657133	0.008581703603	3
2	24	0.62542427	0.02089339003	3
3	24	0.4756100767	0.01490828864	3
4	24	0.26764279	0.04355129073	3
5	24	0.0576819668	0.05950115748	3
6	24	-0.1887456033	0.07125120208	3
7	24	-0.3865393633	0.07371165173	3
8	24	-0.58092859	0.08509762829	3
9	24	-0.72471322	0.0512481848	3
10	24	-0.83222859	0.03853970108	3
11	24	-0.88840559	0.01350851142	3
12	24	-0.88413425	0.01816239324	3
13	24	-0.8295698833	0.01188313738	3
14	24	-0.7112943667	0.02386132566	3
15	24	-0.5786478267	0.02874554418	3
16	24	-0.3837284233	0.03403691235	3
17	24	-0.1626873833	0.04034699288	3
18	24	0.03967578133	0.06913659341	3
19	24	0.2709654233	0.05967850077	3
20	24	0.4823363233	0.06726896926	3
21	24	0.65593189	0.03735979108	3
22	24	0.77941426	0.04100054046	3
23	24	0.86744551	0.03668215682	3
24	24	1	0	3
